73656
71290
68922
66585
64281
62021
59818
57690
55651
53702
51843
50069
48368
46749
45214
43755
42364
41039
39781
38586
37452
36376
35355
34388
33471
32595
31754
30949
30177
29435
28721
28034
27372
26732
26113
25514
24935
24374
23833
23309
22801
22308
21828
21363
20909
20468
20040
19623
19217
18821
18434
18057
17687
17324
16967
16616
16269
15925
15584
15247
14912
14581
14253
13928
13606
13287
12971
12658
12348
12040
11735
11433
11134
10838
10546
10256
9969
9685
9404
9127
8852
8579
8309
8040
7772
7505
7237
6969
6701
6432
6163
5894
5624
5355
5086
4818
4553
4293
4037
3788
3546
3311
3086
2869
2662
2464
2276
2098
1930
1771
1622
1483
1353
1232
1120
1016
919
829
745
668
597
531
470
414
362
315
271
231
194
161
130
101
75
51
30
10
