82
95
104
105
104
106
110
109
115
132
162
165
149
129
121
99
66
43
31
40
56
83
117
126
106
96
120
131
126
115
106
110
106
109
110
111
111
93
73
61
51
96
86
61
12
319
280
235
199
180
331
321
314
312
309
301
288
274
267
270
279
290
302
315
334
359
351
325
309
293
204
166
167
183
193
174
142
120
129
137
127
124
134
129
124
125
129
130
131
132
133
135
139
142
142
142
142
144
148
152
157
163
172
179
183
185
185
187
190
194
199
203
195
180
175
175
176
175
175
175
175
174
174
174
174
174
174
174
174
174
174
174
174
173
173
173
