23.9
23.4
29.0
25.3
19.3
15.9
13.7
11.2
9.2
7.0
5.6
8.0
11.1
12.9
14.3
16.2
14.9
12.3
9.2
6.0
4.2
3.3
3.5
4.9
5.3
4.2
3.8
5.5
7.3
7.6
7.1
7.0
6.8
5.5
5.4
4.9
5.8
5.3
3.5
1.9
0.7
0.8
2.0
2.2
1.8
2.0
2.1
2.0
1.8
0.7
1.0
2.5
3.4
3.6
3.4
2.9
2.2
1.8
1.8
1.8
1.5
1.2
1.0
0.9
0.7
0.6
0.8
1.0
1.0
0.6
0.4
1.0
1.3
1.3
1.6
1.6
1.8
2.2
2.5
3.6
4.6
4.8
5.9
7.3
7.7
7.7
7.7
7.3
7.1
6.9
7.1
7.7
8.5
9.0
9.0
8.9
8.7
8.3
7.7
7.1
6.4
5.7
5.3
5.3
5.5
5.8
6.1
6.3
6.5
6.7
7.1
7.7
7.1
6.5
6.6
6.6
6.7
6.7
6.6
6.5
6.5
6.4
6.3
6.2
6.1
6.0
6.0
5.9
5.8
5.7
5.6
5.5
5.3
5.1
4.8
4.4
