73086
70701
68346
66034
63761
61537
59373
57283
55282
53372
51546
49796
48117
46509
44968
43503
42114
40793
39537
38354
37242
36192
35195
34243
33333
32464
31630
30829
30058
29320
28611
27929
27272
26639
26027
25435
24862
24308
23771
23251
22745
22254
21775
21309
20855
20412
19982
19563
19154
18756
18366
17984
17610
17241
16878
16519
16165
15815
15468
15123
14781
14441
14104
13769
13438
13111
12786
12465
12148
11833
11522
11213
10908
10604
10304
10008
9715
9425
9139
8856
8576
8299
8026
7754
7486
7219
6955
6692
6430
6169
5909
5650
5392
5136
4882
4629
4380
4134
3894
3659
3431
3209
2996
2790
2592
2404
2224
2053
1892
1739
1595
1460
1334
1215
1105
1002
907
818
736
659
589
524
464
409
358
311
268
228
192
159
128
100
74
51
29
9
