13.0
13.8
12.8
12.6
12.9
13.7
15.2
14.7
12.6
11.1
12.4
13.9
13.3
10.5
7.6
5.6
7.1
7.6
6.4
5.2
6.2
7.7
8.2
10.8
13.3
14.5
15.3
16.7
17.4
16.4
15.0
13.3
11.7
11.8
12.8
13.4
13.7
13.9
13.3
11.7
9.6
8.1
8.1
9.7
11.5
12.3
11.9
10.9
10.5
10.8
11.2
11.6
12.2
12.7
12.9
12.7
12.1
10.8
9.5
9.1
9.3
9.9
10.8
11.6
12.2
12.6
12.4
11.4
10.2
9.4
9.2
9.8
10.8
12.0
12.8
13.0
12.3
11.5
10.7
9.5
8.9
9.6
10.7
11.3
11.4
11.4
11.4
11.4
11.5
11.8
12.3
12.9
13.4
12.6
11.5
11.3
11.4
11.3
11.1
10.7
10.4
9.9
9.4
8.9
8.3
7.7
7.3
6.8
6.4
6.0
5.5
5.1
4.7
4.3
4.0
3.8
3.4
3.0
2.9
2.5
2.4
2.2
2.2
2.1
2.1
2.1
2.1
2.1
2.1
2.1
2.0
2.0
2.0
1.9
1.8
1.7
