[0.0,0.0]
[0.033,297.27]
[0.07,1189.08]
[0.09,2365.02]
[0.10,2700.0]
[0.12,4315.39]
[0.17,7723.57]
[0.20,9600.0]
[0.26,9936.40]
[0.30,10200.0]
[0.40,10500.0]
[0.46,10668.21]
[0.50,10800.0]
[0.55,9639.66]
[0.60,8700.0]
[0.66,8892.22]
[0.70,9000.0]
[0.75,8561.95]
[0.80,8100.0]
[0.89,8100.0]
[0.90,8100.0]
[0.96,7516.32]
[1.0,7200.0]
[1.1,6904.57]
[1.1,6900.0]
[1.11,6942.63]
[1.14,7156.06]
[1.2,7500.0]
[1.3,7200.0]
[1.4,7500.0]
[1.5,7800.0]
[1.8,7800.0]
[1.88,7576.16]
[1.9,7500.0]
[2.0,7500.0]
[2.1,7800.0]
[2.2,7800.0]
[2.3,7800.0]
[2.4,8100.0]
[2.5,7800.0]
[2.6,7800.0]
[2.7,7800.0]
[2.76,7979.98]
[2.80,8100.0]
[2.9,7800.0]
[3.2,7800.0]
[3.26,7629.19]
[3.29,7545.90]
[3.3,7500.0]
[3.6,7500.0]
[3.67,7304.71]
[3.68,7268.62]
[3.69,7232.54]
[3.70,7200.0]
[3.9,7200.0]
[3.92,7146.47]
[3.94,7091.43]
[4.0,6900.0]
[4.6,6900.0]
[4.7,6300.0]
[4.74,6439.22]
[4.76,6492.13]
[4.8,6600.0]
[4.85,6465.28]
[4.9,6300.0]
[5.0,6300.0]
[5.05,6155.94]
[5.08,6050.37]
[5.1,6000.0]
[5.12,6050.37]
[5.17,6203.55]
[5.20,6300.0]
[5.26,6122.44]
[5.30,6000.0]
[5.4,6000.0]
[5.5,6000.0]
[5.6,5700.0]
[5.7,5700.0]
[5.8,5700.0]
[5.9,5700.0]
[6.0,5400.0]
[6.1,5700.0]
[6.2,5400.0]
[6.3,5400.0]
[6.4,5400.0]
[6.5,4800.0]
[6.6,4800.0]
[6.7,4500.0]
[6.8,4200.0]
[6.9,3600.0]
[7.0,2700.0]
[7.1,1800.0]
[7.2,900.0]
[7.3,0.0]
